AL: 0.2587435928617818
AR: 0.8633502505708074
AZ: 0.013983076562098422
CO: 0.034639748349156195
FL: 0.04642916323458423
GA: 1.5590126427523463
IL: 0.2731705611422838
IN: 1.5474109015540134
KY: 2.507858697032027
LA: 0.1717564913755698
MD: 0.0161885015016454
MI: 1.2304845400036974
MO: 0.04874155004303067
MS: 1.0130757689498355
NC: 0.009579105595078945
OH: 1.7882192455104677
OK: 0.050513303562475985
SC: 0.25398437996063244
TN: 1.7508725422669313
TX: 0.7376780742004642
VA: 0.799407465283993
WI: 0.03393443663236008
WV: 2.17425724027661
